>P61626
1	M	0.006	0
2	K	0.032	0
3	A	0.021	0
4	L	0.042	0
5	I	0.023	0
6	V	0.027	0
7	L	0.011	0
8	G	0.047	0
9	L	0.028	0
10	V	0.027	0
11	L	0.063	0
12	L	0.040	0
13	S	0.097	0
14	V	0.142	0
15	T	0.086	0
16	V	0.023	0
17	Q	0.060	0
18	G	0.040	0
19	K	0.007	0
20	V	0.019	0
21	F	0.007	0
22	E	0.006	0
23	R	0.004	0
24	C	0.010	0
25	E	0.016	0
26	L	0.002	0
27	A	0.008	0
28	R	0.009	0
29	T	0.003	0
30	L	0.002	0
31	K	0.002	0
32	R	0.008	0
33	L	0.002	0
34	G	0.004	0
35	M	0.004	0
36	D	0.004	0
37	G	0.002	0
38	Y	0.007	0
39	R	0.002	0
40	G	0.017	0
41	I	0.003	0
42	S	0.014	0
43	L	0.006	0
44	A	0.005	0
45	N	0.025	0
46	W	0.020	0
47	M	0.177	0
48	C	0.215	0
49	L	0.067	0
50	A	0.027	0
51	K	0.023	0
52	W	0.009	0
53	E	0.006	0
54	S	0.042	0
55	G	0.027	0
56	Y	0.011	0
57	N	0.006	0
58	T	0.004	0
59	R	0.035	0
60	A	0.017	0
61	T	0.024	0
62	N	0.010	0
63	Y	0.080	0
64	N	0.043	0
65	A	0.020	0
66	G	0.116	0
67	D	0.022	0
68	R	0.066	0
69	S	0.018	0
70	T	0.028	0
71	D	0.043	0
72	Y	0.075	0
73	G	0.214	0
74	I	0.208	0
75	F	0.016	0
76	Q	0.004	0
77	I	0.016	0
78	N	0.034	0
79	S	0.007	0
80	R	0.029	0
81	Y	0.017	0
82	W	0.015	0
83	C	0.003	0
84	N	0.009	0
85	D	0.006	0
86	G	0.008	0
87	K	0.015	0
88	T	0.018	0
89	P	0.013	0
90	G	0.027	0
91	A	0.045	0
92	V	0.072	0
93	N	0.035	0
94	A	0.009	0
95	C	0.008	0
96	H	0.022	0
97	L	0.012	0
98	S	0.026	0
99	C	0.001	0
100	S	0.007	0
101	A	0.005	0
102	L	0.076	0
103	L	0.090	0
104	Q	0.065	0
105	D	0.028	0
106	N	0.040	0
107	I	0.052	0
108	A	0.018	0
109	D	0.014	0
110	A	0.013	0
111	V	0.014	0
112	A	0.016	0
113	C	0.006	0
114	A	0.007	0
115	K	0.006	0
116	R	0.007	0
117	V	0.011	0
118	V	0.032	0
119	R	0.007	0
120	D	0.003	0
121	P	0.018	0
122	Q	0.010	0
123	G	0.016	0
124	I	0.018	0
125	R	0.007	0
126	A	0.009	0
127	W	0.008	0
128	V	0.010	0
129	A	0.015	0
130	W	0.009	0
131	R	0.013	0
132	N	0.015	0
133	R	0.008	0
134	C	0.013	0
135	Q	0.069	0
136	N	0.198	0
137	R	0.220	0
138	D	0.166	0
139	V	0.569	1
140	R	0.336	0
141	Q	0.713	1
142	Y	0.785	1
143	V	0.787	1
144	Q	0.859	1
145	G	0.877	1
146	C	0.685	1
147	G	0.926	1
148	V	0.736	1
>P0DJI9
1	M	0.175	0
2	K	0.132	0
3	L	0.090	0
4	L	0.185	0
5	T	0.162	0
6	G	0.146	0
7	L	0.132	0
8	V	0.337	0
9	F	0.283	0
10	C	0.358	0
11	S	0.378	0
12	L	0.284	0
13	V	0.386	0
14	L	0.185	0
15	S	0.193	0
16	V	0.206	0
17	S	0.237	0
18	S	0.161	0
19	R	0.135	0
20	S	0.438	0
21	F	0.511	1
22	F	0.606	1
23	S	0.603	1
24	F	0.567	1
25	L	0.196	0
26	G	0.217	0
27	E	0.316	0
28	A	0.217	0
29	F	0.153	0
30	D	0.250	0
31	G	0.076	0
32	A	0.116	0
33	R	0.293	0
34	D	0.508	1
35	M	0.081	0
36	W	0.263	0
37	R	0.088	0
38	A	0.178	0
39	Y	0.312	0
40	S	0.068	0
41	D	0.106	0
42	M	0.098	0
43	R	0.206	0
44	E	0.044	0
45	A	0.121	0
46	N	0.103	0
47	Y	0.141	0
48	I	0.183	0
49	G	0.223	0
50	S	0.122	0
51	D	0.139	0
52	K	0.135	0
53	Y	0.240	0
54	F	0.112	0
55	H	0.167	0
56	A	0.332	0
57	R	0.257	0
58	G	0.283	0
59	N	0.470	0
60	Y	0.539	1
61	D	0.592	1
62	A	0.769	1
63	A	0.667	1
64	K	0.491	0
65	R	0.773	1
66	G	0.406	0
67	P	0.817	1
68	G	0.882	1
69	G	0.395	0
70	A	0.501	1
71	W	0.497	0
72	A	0.694	1
73	A	0.562	1
74	E	0.750	1
75	V	0.348	0
76	I	0.335	0
77	S	0.203	0
78	N	0.265	0
79	A	0.691	1
80	R	0.377	0
81	E	0.480	0
82	N	0.408	0
83	I	0.659	1
84	Q	0.817	1
85	R	0.939	1
86	L	0.875	1
87	T	0.873	1
88	G	0.921	1
89	R	0.990	1
90	G	0.976	1
91	A	0.943	1
92	E	0.907	1
93	D	0.809	1
94	S	0.846	1
95	L	0.924	1
96	A	0.911	1
97	D	0.941	1
98	Q	0.977	1
99	A	0.963	1
100	A	0.957	1
101	N	0.976	1
102	K	0.959	1
103	W	0.965	1
104	G	0.955	1
105	R	0.987	1
106	S	0.986	1
107	G	0.983	1
108	R	0.989	1
109	D	0.992	1
110	P	0.989	1
111	N	0.982	1
112	H	0.984	1
113	F	0.976	1
114	R	0.992	1
115	P	0.985	1
116	A	0.995	1
117	G	0.995	1
118	L	0.993	1
119	P	0.997	1
120	E	0.992	1
121	K	0.986	1
122	Y	0.991	1
>P01034
1	M	0.120	0
2	A	0.088	0
3	G	0.044	0
4	P	0.032	0
5	L	0.055	0
6	R	0.032	0
7	A	0.024	0
8	P	0.028	0
9	L	0.026	0
10	L	0.005	0
11	L	0.021	0
12	L	0.006	0
13	A	0.011	0
14	I	0.035	0
15	L	0.026	0
16	A	0.052	0
17	V	0.029	0
18	A	0.124	0
19	L	0.065	0
20	A	0.106	0
21	V	0.104	0
22	S	0.266	0
23	P	0.143	0
24	A	0.075	0
25	A	0.138	0
26	G	0.117	0
27	S	0.335	0
28	S	0.264	0
29	P	0.432	0
30	G	0.602	1
31	K	0.388	0
32	P	0.443	0
33	P	0.282	0
34	R	0.546	1
35	L	0.313	0
36	V	0.425	0
37	G	0.248	0
38	G	0.455	0
39	P	0.466	0
40	M	0.244	0
41	D	0.361	0
42	A	0.039	0
43	S	0.079	0
44	V	0.060	0
45	E	0.082	0
46	E	0.013	0
47	E	0.032	0
48	G	0.028	0
49	V	0.015	0
50	R	0.010	0
51	R	0.022	0
52	A	0.008	0
53	L	0.002	0
54	D	0.011	0
55	F	0.007	0
56	A	0.011	0
57	V	0.004	0
58	G	0.012	0
59	E	0.009	0
60	Y	0.008	0
61	N	0.012	0
62	K	0.012	0
63	A	0.021	0
64	S	0.038	0
65	N	0.039	0
66	D	0.043	0
67	M	0.014	0
68	Y	0.012	0
69	H	0.012	0
70	S	0.007	0
71	R	0.006	0
72	A	0.006	0
73	L	0.008	0
74	Q	0.022	0
75	V	0.005	0
76	V	0.011	0
77	R	0.003	0
78	A	0.002	0
79	R	0.007	0
80	K	0.003	0
81	Q	0.042	0
82	I	0.014	0
83	V	0.039	0
84	A	0.011	0
85	G	0.014	0
86	V	0.014	0
87	N	0.002	0
88	Y	0.005	0
89	F	0.003	0
90	L	0.008	0
91	D	0.003	0
92	V	0.006	0
93	E	0.002	0
94	L	0.003	0
95	G	0.008	0
96	R	0.008	0
97	T	0.002	0
98	T	0.004	0
99	C	0.004	0
100	T	0.015	0
101	K	0.032	0
102	T	0.045	0
103	Q	0.102	0
104	P	0.040	0
105	N	0.100	0
106	L	0.079	0
107	D	0.033	0
108	N	0.124	0
109	C	0.096	0
110	P	0.097	0
111	F	0.037	0
112	H	0.141	0
113	D	0.131	0
114	Q	0.040	0
115	P	0.152	0
116	H	0.105	0
117	L	0.013	0
118	K	0.021	0
119	R	0.013	0
120	K	0.031	0
121	A	0.004	0
122	F	0.003	0
123	C	0.006	0
124	S	0.004	0
125	F	0.005	0
126	Q	0.002	0
127	I	0.005	0
128	Y	0.002	0
129	A	0.002	0
130	V	0.004	0
131	P	0.006	0
132	W	0.003	0
133	Q	0.002	0
134	G	0.004	0
135	T	0.006	0
136	M	0.004	0
137	T	0.011	0
138	L	0.003	0
139	S	0.002	0
140	K	0.010	0
141	S	0.007	0
142	T	0.007	0
143	C	0.020	0
144	Q	0.048	0
145	D	0.200	0
146	A	0.043	0
>P01160
1	M	0.138	0
2	S	0.279	0
3	S	0.095	0
4	F	0.113	0
5	S	0.069	0
6	T	0.093	0
7	T	0.100	0
8	T	0.109	0
9	V	0.183	0
10	S	0.162	0
11	F	0.065	0
12	L	0.113	0
13	L	0.165	0
14	L	0.106	0
15	L	0.263	0
16	A	0.075	0
17	F	0.054	0
18	Q	0.048	0
19	L	0.037	0
20	L	0.044	0
21	G	0.126	0
22	Q	0.063	0
23	T	0.062	0
24	R	0.044	0
25	A	0.084	0
26	N	0.117	0
27	P	0.090	0
28	M	0.247	0
29	Y	0.291	0
30	N	0.408	0
31	A	0.593	1
32	V	0.224	0
33	S	0.069	0
34	N	0.113	0
35	A	0.212	0
36	D	0.156	0
37	L	0.109	0
38	M	0.077	0
39	D	0.056	0
40	F	0.087	0
41	K	0.058	0
42	N	0.029	0
43	L	0.174	0
44	L	0.130	0
45	D	0.158	0
46	H	0.046	0
47	L	0.111	0
48	E	0.197	0
49	E	0.286	0
50	K	0.137	0
51	M	0.327	0
52	P	0.406	0
53	L	0.553	1
54	E	0.694	1
55	D	0.582	1
56	E	0.542	1
57	V	0.444	0
58	V	0.390	0
59	P	0.418	0
60	P	0.578	1
61	Q	0.399	0
62	V	0.339	0
63	L	0.584	1
64	S	0.403	0
65	E	0.673	1
66	P	0.495	0
67	N	0.587	1
68	E	0.448	0
69	E	0.323	0
70	A	0.408	0
71	G	0.241	0
72	A	0.405	0
73	A	0.331	0
74	L	0.095	0
75	S	0.290	0
76	P	0.666	1
77	L	0.372	0
78	P	0.613	1
79	E	0.418	0
80	V	0.506	1
81	P	0.322	0
82	P	0.739	1
83	W	0.419	0
84	T	0.246	0
85	G	0.538	1
86	E	0.537	1
87	V	0.147	0
88	S	0.386	0
89	P	0.380	0
90	A	0.513	1
91	Q	0.390	0
92	R	0.563	1
93	D	0.389	0
94	G	0.386	0
95	G	0.420	0
96	A	0.587	1
97	L	0.542	1
98	G	0.313	0
99	R	0.560	1
100	G	0.480	0
101	P	0.359	0
102	W	0.357	0
103	D	0.231	0
104	S	0.380	0
105	S	0.137	0
106	D	0.393	0
107	R	0.205	0
108	S	0.109	0
109	A	0.326	0
110	L	0.122	0
111	L	0.137	0
112	K	0.123	0
113	S	0.355	0
114	K	0.035	0
115	L	0.062	0
116	R	0.078	0
117	A	0.252	0
118	L	0.181	0
119	L	0.142	0
120	T	0.252	0
121	A	0.149	0
122	P	0.109	0
123	R	0.107	0
124	S	0.101	0
125	L	0.045	0
126	R	0.023	0
127	R	0.043	0
128	S	0.021	0
129	S	0.023	0
130	C	0.040	0
131	F	0.044	0
132	G	0.028	0
133	G	0.045	0
134	R	0.030	0
135	M	0.016	0
136	D	0.012	0
137	R	0.025	0
138	I	0.044	0
139	G	0.022	0
140	A	0.087	0
141	Q	0.029	0
142	S	0.055	0
143	G	0.053	0
144	L	0.052	0
145	G	0.030	0
146	C	0.093	0
147	N	0.057	0
148	S	0.119	0
149	F	0.144	0
150	R	0.056	0
151	Y	0.057	0
